56193
54763
119791
52821
158132
75312
75314
69931
52694
61058
133012
56099
56061
966205
71140
71141
61055
75430
119892
950603
57393
60786
124816
60905
158380
57163
75475
124544
82685
62216
60476
75583
127960
52856
334736
158900
52669
159077
60176
55563
54498
83992
119061
774894
159452
159458
52703
60982
196930
204260
119451
56224
57481
132481
124720
54531
435946
159858
159875
76023
159906
487827
234901
437963
159933
159935
76033
76035
82315
159951
159973
635562
160036
400433
76067
160056
208495
437973
141184
69640
76127
118834
55801
55713
84344
76220
53307
160343
55733
133031
69626
51843
60132
133653
160623
52989
62213
48206
53021
54491
160927
55399
54428
51147
48152
76581
48538
52720
48982
82159
133492
76603
76610
76639
129779
76647
53038
52658
82564
359752
76721
338059
76782
162264
866524
60284
76812
55983
84517
52724
47745
76846
127900
118537
162431
127215
334263
128735
47687
55847
54227
77134
77148
162949
125903
77143
61061
63134
62020
55972
125440
53059
77206
56065
163184
130303
208789
84328
192621
163222
53076
55925
129853
55750
55891
204175
55830
62407
55882
194555
447825
204205
416404
130228
163806
163812
52793
77427
129449
336279
53104
47779
55022
333981
787417
77552
204335
56153
77572
164269
52633
58725
129115
55851
77638
85072
125787
164671
52801
55885
124548
47435
55795
164948
69613
55993
50247
57056
77971
245680
57494
60076
448134
450670
77990
78016
126757
165390
165499
51726
336671
82730
132621
69624
123666
59778
63337
122082
166678
361313
57190
64237
63567
68131
402509
166880
121266
135727
5872289
58960
53178
58961
68543
59779
52808
78636
78649
60307
78657
447848
167210
57418
127079
47571
124552
62211
167373
55840
55819
52764
61964
55837
143793
54834
55811
52681
167588
200942
56133
56064
124817
78820
204321
48229
59301
167803
57862
167869
83653
54436
55821
53195
53197
371574
63371
203760
321283
765394
57824
157967
124135
168479
168628
58345
84512
124485
55734
204409
62498
336378
53211
503367
61118
55759
79109
124138
118850
56063
367268
772903
57457
129850
169330
61948
1024536
53298
169432
131203
79325
82569
169753
322051
716947
79408
57076
53313
58167
85065
51875
55745
79432
60264
79436
170020
59552
60316
48685
170056
51884
127029
126560
64714
56312
170112
1097921
54333
51610
56129
320310
129020
52471
56188
79503
53324
127345
57310
124359
286612
55845
79514
147293
61481
55739
741459
